# Índice

* [Tabla 4-d (Agua: vapor sobrecalentado)](#tabla-4-d)
* [Tabla 5 (Agua: líquido subenfriado)](#tabla-5)
* [Tabla 6 (Agua: sólido-vapor)](#tabla-6)
* [Tabla 13 (Sólidos y líquidos)](#tabla-13)
* [Tabla 18 (Entalpía de formación)](#tabla-18)
* [Tabla 6 (Agua: sólido-vapor)](#tabla-6)
* [Tabla 7 (Refrigerante 22: saturado Temp)](#tabla-7)
* [Tabla 8 (Refrigerante 22: saturado Pres)](#tabla-8)
* [Tabla 9-a (Refrigerante 22: sobrecalentado 1)](#tabla-9-a)
* [Tabla 9-b (Refrigerante 22: sobrecalentado 2)](#tabla-9-b)
* [Tabla 9-c (Refrigerante 22: sobrecalentado 3)](#tabla-9-c)
* [Tabla 9-d (Refrigerante 22: sobrecalentado 4)](#tabla-9-d)
* [Tabla 10 (Refrigerante 134a: saturado Temp)](#tabla-10)
* [Tabla 11 (Refrigerante 134a: saturado Pres)](#tabla-11)
* [Tabla 12-a (Refrigerante 134a: sobrecalentado 1)](#tabla-12-a)
* [Tabla 12-b (Refrigerante 134a: sobrecalentado 2)](#tabla-12-b)
* [Tabla 12-c (Refrigerante 134a: sobrecalentado 3)](#tabla-12-c)
* [Gráficos](#graficos)

# Tabla
## Vapor
## Agua

<a name="tabla-4-d"></a>
$$
\text{Tabla 4-d}
$$
$$
\text{Vapor}
$$
$$
\text{sobrecalentado}
$$

| $T$ | $v$ | $u$ | $h$ | $s$ |
| :--- | :--- | :--- | :--- | :--- |
| $$^{\circ}\text{C}$$ | $$\text{m}^3/\text{kg}$$ | $$\text{kJ}/\text{kg}$$ | $$\text{kJ}/\text{kg}$$ | $$\text{kJ}/\text{kg}\cdot\text{K}$$ |
| \multicolumn{5}{c}{$p = 160\text{ bar} = 16.0\text{ MPa}$ ($T_{\text{sat}} = 347.44^{\circ}\text{C}$)} |
| Sat. | 0.00931 | 2431.7 | 2580.6 | 5.2455 |
| 360 | 0.01105 | 2539.0 | 2715.8 | 5.4614 |
| 400 | 0.01426 | 2719.4 | 2947.6 | 5.8175 |
| 440 | 0.01652 | 2839.4 | 3103.7 | 6.0429 |
| 480 | 0.01842 | 2939.7 | 3234.4 | 6.2215 |
| 520 | 0.02013 | 3031.1 | 3353.3 | 6.3752 |
| 560 | 0.02172 | 3117.8 | 3465.4 | 6.5132 |
| 600 | 0.02323 | 3201.8 | 3573.5 | 6.6399 |
| 640 | 0.02467 | 3284.2 | 3678.9 | 6.7580 |
| 700 | 0.02674 | 3406.0 | 3833.9 | 6.9224 |
| 740 | 0.02808 | 3486.7 | 3935.9 | 7.0251 |
| \multicolumn{5}{c}{$p = 180\text{ bar} = 18.0\text{ MPa}$ ($T_{\text{sat}} = 357.06^{\circ}\text{C}$)} |
| Sat. | 0.00749 | 2374.3 | 2509.1 | 5.1044 |
| 360 | 0.00809 | 2418.9 | 2564.5 | 5.1922 |
| 400 | 0.01190 | 2672.8 | 2887.0 | 5.6887 |
| 440 | 0.01414 | 2808.2 | 3062.8 | 5.9428 |
| 480 | 0.01596 | 2915.9 | 3203.2 | 6.1345 |
| 520 | 0.01757 | 3011.8 | 3378.0 | 6.2960 |
| 560 | 0.01904 | 3101.7 | 3444.4 | 6.4392 |
| 600 | 0.02042 | 3188.0 | 3555.6 | 6.5696 |
| 640 | 0.02174 | 3272.3 | 3663.6 | 6.6905 |
| 700 | 0.02362 | 3396.3 | 3821.5 | 6.8580 |
| 740 | 0.02483 | 3478.0 | 3925.0 | 6.9623 |
| \multicolumn{5}{c}{$p = 200\text{ bar} = 20.0\text{ MPa}$ ($T_{\text{sat}} = 365.81^{\circ}\text{C}$)} |
| Sat. | 0.00583 | 2293.0 | 2409.7 | 4.9269 |
| 400 | 0.00994 | 2619.3 | 2818.1 | 5.5540 |
| 440 | 0.01222 | 2774.9 | 3019.4 | 5.8450 |
| 480 | 0.01399 | 2891.2 | 3170.8 | 6.0518 |
| 520 | 0.01551 | 2992.0 | 3302.2 | 6.2218 |
| 560 | 0.01689 | 3085.2 | 3423.0 | 6.3705 |
| 600 | 0.01818 | 3174.0 | 3537.6 | 6.5048 |
| 640 | 0.01940 | 3260.2 | 3648.1 | 6.6286 |
| 700 | 0.02113 | 3386.4 | 3809.0 | 6.7993 |
| 740 | 0.02224 | 3469.3 | 3914.1 | 6.9052 |
| 800 | 0.02385 | 3592.7 | 4069.7 | 7.0544 |
| \multicolumn{5}{c}{$p = 240\text{ bar} = 24.0\text{ MPa}$} |
| 400 | 0.00673 | 2477.8 | 2639.4 | 5.2393 |
| 440 | 0.00929 | 2700.6 | 2923.4 | 5.6506 |
| 480 | 0.01100 | 2838.3 | 3102.3 | 5.8950 |
| 520 | 0.01241 | 2950.5 | 3248.5 | 6.0842 |
| 560 | 0.01366 | 3051.1 | 3379.0 | 6.2448 |
| 600 | 0.01481 | 3145.2 | 3500.7 | 6.3875 |
| 640 | 0.01588 | 3235.5 | 3616.7 | 6.5174 |
| 700 | 0.01739 | 3366.4 | 3783.8 | 6.6947 |
| 740 | 0.01835 | 3451.7 | 3892.1 | 6.8038 |
| 800 | 0.01974 | 3578.0 | 4051.6 | 6.9567 |
| \multicolumn{5}{c}{$p = 280\text{ bar} = 28.0\text{ MPa}$} |
| 400 | 0.00383 | 2223.5 | 2330.7 | 4.7494 |
| 440 | 0.00712 | 2613.2 | 2812.6 | 5.4494 |
| 480 | 0.00885 | 2780.8 | 3028.5 | 5.7446 |
| 520 | 0.01020 | 2906.8 | 3192.3 | 5.9566 |
| 560 | 0.01136 | 3015.7 | 3333.7 | 6.1307 |
| 600 | 0.01241 | 3115.6 | 3463.0 | 6.2823 |
| 640 | 0.01338 | 3210.3 | 3584.8 | 6.4187 |
| 700 | 0.01473 | 3346.1 | 3758.4 | 6.6029 |
| 740 | 0.01558 | 3433.9 | 3870.0 | 6.7153 |
| 800 | 0.01680 | 3563.1 | 4033.4 | 6.8720 |
| 900 | 0.01873 | 3774.3 | 4298.8 | 7.1084 |
| \multicolumn{5}{c}{$p = 320\text{ bar} = 32.0\text{ MPa}$} |
| 400 | 0.00236 | 1980.4 | 2055.9 | 4.3239 |
| 440 | 0.00544 | 2509.0 | 2683.0 | 5.2327 |
| 480 | 0.00722 | 2718.1 | 2949.2 | 5.5968 |
| 520 | 0.00853 | 2860.7 | 3133.7 | 5.8357 |
| 560 | 0.00963 | 2979.0 | 3287.2 | 6.0246 |
| 600 | 0.01061 | 3085.3 | 3424.6 | 6.1858 |
| 640 | 0.01150 | 3184.5 | 3552.5 | 6.3290 |
| 700 | 0.01273 | 3325.4 | 3732.8 | 6.5203 |
| 740 | 0.01350 | 3415.9 | 3847.8 | 6.6361 |
| 800 | 0.01460 | 3548.0 | 4015.1 | 6.7966 |
| 900 | 0.01633 | 3762.7 | 4285.1 | 7.0372 |

<a name="tabla-5"></a>
$$
\text{Tabla 5}
$$
$$
\text{Líquido}
$$
$$
\text{subenfriado}
$$

| $T$ | $v \times 10^3$ | $u$ | $h$ | $s$ |
| :--- | :--- | :--- | :--- | :--- |
| $$^{\circ}\text{C}$$ | $$\text{m}^3/\text{kg}$$ | $$\text{kJ}/\text{kg}$$ | $$\text{kJ}/\text{kg}$$ | $$\text{kJ}/\text{kg}\cdot\text{K}$$ |
| \multicolumn{5}{c}{$p = 25\text{ bar} = 2.5\text{ MPa}$ ($T_{\text{sat}} = 233.99^{\circ}\text{C}$)} |
| 20 | 1.0006 | 83.80 | 86.30 | 0.2961 |
| 40 | 1.0067 | 167.25 | 169.77 | 0.5715 |
| 80 | 1.0280 | 334.29 | 336.86 | 1.0737 |
| 100 | 1.0423 | 418.24 | 420.85 | 1.3050 |
| 140 | 1.0784 | 587.82 | 590.52 | 1.7369 |
| 180 | 1.1261 | 761.16 | 763.97 | 2.1375 |
| 200 | 1.1555 | 849.9 | 852.8 | 2.3294 |
| 220 | 1.1898 | 940.7 | 943.7 | 2.5174 |
| Sat. | 1.1973 | 959.1 | 962.1 | 2.5546 |
| \multicolumn{5}{c}{$p = 50\text{ bar} = 5.0\text{ MPa}$ ($T_{\text{sat}} = 263.99^{\circ}\text{C}$)} |
| 20 | 0.9995 | 83.65 | 88.65 | 0.2956 |
| 40 | 1.0056 | 166.95 | 171.97 | 0.5705 |
| 80 | 1.0268 | 333.72 | 338.85 | 1.0720 |
| 100 | 1.0410 | 417.52 | 422.72 | 1.3030 |
| 140 | 1.0768 | 586.76 | 592.15 | 1.7343 |
| 180 | 1.1240 | 759.63 | 765.25 | 2.1341 |
| 200 | 1.1530 | 848.1 | 853.9 | 2.3255 |
| 220 | 1.1866 | 938.4 | 944.4 | 2.5128 |
| Sat. | 1.2859 | 1147.8 | 1154.2 | 2.9202 |

<a name="tabla-6"></a>
$$
\text{Tabla 6}
$$
$$
\text{Sólido-vapor}
$$

| Temp | Presión | Vol. esp. | Vol. esp. | E. int. | E. int. | E. int. | Entalpía | Entalpía | Entalpía | Entropía | Entropía | Entropía |
| :--- | :--- | :--- | :--- | :--- | :--- | :--- | :--- | :--- | :--- | :--- | :--- | :--- |
| $$^{\circ}\text{C}$$ | $$\text{kPa}$$ | $v_i \times 10^3$ | $v_g$ | $u_i$ | $u_{ig}$ | $u_g$ | $h_i$ | $h_{ig}$ | $h_g$ | $s_i$ | $s_{ig}$ | $s_g$ |
| 0.01 | 0.6113 | 1.0908 | 206.1 | -333.40 | 2708.7 | 2375.3 | -333.40 | 2834.8 | 2501.4 | -1.221 | 10.378 | 9.156 |
| 0 | 0.6108 | 1.0908 | 206.3 | -333.43 | 2708.8 | 2375.3 | -333.43 | 2834.8 | 2501.3 | -1.221 | 10.378 | 9.157 |
| -2 | 0.5176 | 1.0904 | 241.7 | -337.62 | 2710.2 | 2372.6 | -337.62 | 2835.3 | 2497.7 | -1.237 | 10.456 | 9.219 |
| -4 | 0.4375 | 1.0898 | 283.8 | -341.78 | 2711.6 | 2369.8 | -341.78 | 2835.7 | 2494.0 | -1.253 | 10.536 | 9.283 |
| -6 | 0.3689 | 1.0898 | 334.2 | -345.91 | 2712.9 | 2367.0 | -345.91 | 2836.2 | 2490.3 | -1.268 | 10.616 | 9.348 |
| -8 | 0.3102 | 1.0894 | 394.4 | -350.02 | 2714.2 | 2364.2 | -350.02 | 2836.6 | 2486.6 | -1.284 | 10.698 | 9.414 |

<a name="refrigerante-22"></a>
## Refrigerante 22

<a name="tabla-7"></a>
$$
\text{Tabla 7}
$$
$$
\text{Refrigerante 22}
$$
$$
\text{saturado (Temp.)}
$$

| Temp. | Presión | $v_f \times 10^3$ | $v_g$ | $u_f$ | $u_g$ | $h_f$ | $h_{fg}$ | $h_g$ | $s_f$ | $s_g$ |
| :--- | :--- | :--- | :--- | :--- | :--- | :--- | :--- | :--- | :--- | :--- |
| $$^{\circ}\text{C}$$ | $$\text{bar}$$ | $$\text{m}^3/\text{kg}$$ | $$\text{m}^3/\text{kg}$$ | $$\text{kJ}/\text{kg}$$ | $$\text{kJ}/\text{kg}$$ | $$\text{kJ}/\text{kg}$$ | $$\text{kJ}/\text{kg}$$ | $$\text{kJ}/\text{kg}$$ | $$\text{kJ}/\text{kg}\cdot\text{K}$$ | $$\text{kJ}/\text{kg}\cdot\text{K}$$ |
| -60 | 0.3749 | 0.6833 | 0.5370 | -21.57 | 203.67 | -21.55 | 245.35 | 223.81 | -0.0964 | 1.0547 |
| -50 | 0.6451 | 0.6966 | 0.3239 | -10.89 | 207.70 | -10.85 | 239.44 | 228.60 | -0.0474 | 1.0256 |
| -45 | 0.8290 | 0.7037 | 0.2564 | -5.50 | 209.70 | -5.44 | 236.39 | 230.95 | -0.0235 | 1.0126 |
| -40 | 1.0522 | 0.7109 | 0.2052 | -0.07 | 211.68 | 0.00 | 233.27 | 233.27 | 0.0000 | 1.0005 |
| -36 | 1.2627 | 0.7169 | 0.1730 | 4.29 | 213.25 | 4.38 | 230.71 | 235.09 | 0.0186 | 0.9914 |
| -32 | 1.5049 | 0.7231 | 0.1468 | 8.68 | 214.80 | 8.79 | 228.10 | 236.89 | 0.0369 | 0.9828 |
| -30 | 1.6389 | 0.7262 | 0.1355 | 10.88 | 215.58 | 11.00 | 226.77 | 237.78 | 0.0460 | 0.9787 |
| -28 | 1.7819 | 0.7294 | 0.1252 | 13.09 | 216.34 | 13.22 | 225.43 | 238.66 | 0.0551 | 0.9746 |
| -26 | 1.9345 | 0.7327 | 0.1159 | 15.31 | 217.11 | 15.45 | 224.08 | 239.53 | 0.0641 | 0.9707 |
| -22 | 2.2698 | 0.7393 | 0.0997 | 19.76 | 218.62 | 19.92 | 221.32 | 241.24 | 0.0819 | 0.9631 |
| -20 | 2.4534 | 0.7427 | 0.0926 | 21.99 | 219.37 | 22.17 | 219.91 | 242.09 | 0.0908 | 0.9595 |
| -18 | 2.6482 | 0.7462 | 0.0861 | 24.23 | 220.11 | 24.43 | 218.49 | 242.92 | 0.0996 | 0.9559 |
| -16 | 2.8547 | 0.7497 | 0.0802 | 26.48 | 220.85 | 26.69 | 217.05 | 243.74 | 0.1084 | 0.9525 |
| -14 | 3.0733 | 0.7533 | 0.0748 | 28.73 | 221.58 | 28.97 | 215.59 | 244.56 | 0.1171 | 0.9490 |
| -12 | 3.3044 | 0.7569 | 0.0698 | 31.00 | 222.30 | 31.25 | 214.11 | 245.36 | 0.1258 | 0.9457 |
| -10 | 3.5485 | 0.7606 | 0.0652 | 33.27 | 223.02 | 33.54 | 212.62 | 246.15 | 0.1345 | 0.9424 |
| -8 | 3.8062 | 0.7644 | 0.0610 | 35.54 | 223.73 | 35.83 | 211.10 | 246.93 | 0.1431 | 0.9392 |
| -6 | 4.0777 | 0.7683 | 0.0571 | 37.83 | 224.43 | 38.14 | 209.56 | 247.70 | 0.1517 | 0.9361 |
| -4 | 4.3638 | 0.7722 | 0.0535 | 40.12 | 225.13 | 40.46 | 208.00 | 248.45 | 0.1602 | 0.9330 |
| -2 | 4.6647 | 0.7762 | 0.0501 | 42.42 | 225.82 | 42.78 | 206.41 | 249.20 | 0.1688 | 0.9300 |
| 0 | 4.9811 | 0.7803 | 0.0470 | 44.73 | 226.50 | 45.12 | 204.81 | 249.92 | 0.1773 | 0.9271 |
| 2 | 5.3133 | 0.7844 | 0.0442 | 47.04 | 227.17 | 47.46 | 203.18 | 250.64 | 0.1857 | 0.9241 |
| 4 | 5.6619 | 0.7887 | 0.0415 | 49.37 | 227.83 | 49.82 | 201.52 | 251.34 | 0.1941 | 0.9213 |
| 6 | 6.0275 | 0.7930 | 0.0391 | 51.71 | 228.48 | 52.18 | 199.84 | 252.03 | 0.2025 | 0.9184 |
| 8 | 6.4105 | 0.7974 | 0.0368 | 54.05 | 229.13 | 54.56 | 198.14 | 252.70 | 0.2109 | 0.9157 |
| 10 | 6.8113 | 0.8020 | 0.0346 | 56.40 | 229.76 | 56.95 | 196.40 | 253.35 | 0.2193 | 0.9129 |
| 12 | 7.2307 | 0.8066 | 0.0326 | 58.77 | 230.38 | 59.35 | 194.64 | 253.99 | 0.2276 | 0.9102 |
| 16 | 8.1268 | 0.8162 | 0.0291 | 63.53 | 231.59 | 64.19 | 191.02 | 255.21 | 0.2442 | 0.9048 |
| 20 | 9.1030 | 0.8263 | 0.0259 | 68.33 | 232.76 | 69.09 | 187.28 | 256.37 | 0.2607 | 0.8996 |
| 24 | 10.164 | 0.8369 | 0.0232 | 73.19 | 233.87 | 74.04 | 183.40 | 257.44 | 0.2772 | 0.8944 |
| 28 | 11.313 | 0.8480 | 0.0208 | 78.09 | 234.92 | 79.05 | 179.37 | 258.43 | 0.2936 | 0.8893 |
| 32 | 12.556 | 0.8599 | 0.0186 | 83.06 | 235.91 | 84.14 | 175.18 | 259.32 | 0.3101 | 0.8842 |
| 36 | 13.897 | 0.8724 | 0.0168 | 88.08 | 236.83 | 89.29 | 170.82 | 260.11 | 0.3265 | 0.8790 |
| 40 | 15.341 | 0.8858 | 0.0151 | 93.18 | 237.66 | 94.53 | 166.25 | 260.79 | 0.3429 | 0.8738 |
| 45 | 17.298 | 0.9039 | 0.0132 | 99.65 | 238.59 | 101.21 | 160.24 | 261.46 | 0.3635 | 0.8672 |
| 50 | 19.433 | 0.9238 | 0.0116 | 106.26 | 239.34 | 108.06 | 153.84 | 261.90 | 0.3842 | 0.8603 |
| 60 | 24.281 | 0.9705 | 0.0089 | 120.00 | 240.24 | 122.35 | 139.61 | 261.96 | 0.4264 | 0.8455 |

<a name="tabla-8"></a>
$$
\text{Tabla 8}
$$
$$
\text{Refrigerante 22}
$$
$$
\text{saturado (Pres.)}
$$

| Presión | Temp. | $v_f \times 10^3$ | $v_g$ | $u_f$ | $u_g$ | $h_f$ | $h_{fg}$ | $h_g$ | $s_f$ | $s_g$ |
| :--- | :--- | :--- | :--- | :--- | :--- | :--- | :--- | :--- | :--- | :--- |
| $$\text{bar}$$ | $$^{\circ}\text{C}$$ | $$\text{m}^3/\text{kg}$$ | $$\text{m}^3/\text{kg}$$ | $$\text{kJ}/\text{kg}$$ | $$\text{kJ}/\text{kg}$$ | $$\text{kJ}/\text{kg}$$ | $$\text{kJ}/\text{kg}$$ | $$\text{kJ}/\text{kg}$$ | $$\text{kJ}/\text{kg}\cdot\text{K}$$ | $$\text{kJ}/\text{kg}\cdot\text{K}$$ |
| 0.40 | -58.86 | 0.6847 | 0.5056 | -20.36 | 204.13 | -20.34 | 244.69 | 224.36 | -0.0907 | 1.0512 |
| 0.50 | -54.83 | 0.6901 | 0.4107 | -16.07 | 205.76 | -16.03 | 242.33 | 226.30 | -0.0709 | 1.0391 |
| 0.60 | -51.40 | 0.6947 | 0.3466 | -12.39 | 207.14 | -12.35 | 240.28 | 227.93 | -0.0542 | 1.0294 |
| 0.70 | -48.40 | 0.6989 | 0.3002 | -9.17 | 208.34 | -9.12 | 238.47 | 229.35 | -0.0397 | 1.0213 |
| 0.80 | -45.73 | 0.7026 | 0.2650 | -6.28 | 209.41 | -6.23 | 236.84 | 230.61 | -0.0270 | 1.0144 |
| 0.90 | -43.30 | 0.7061 | 0.2374 | -3.66 | 210.37 | -3.60 | 235.34 | 231.74 | -0.0155 | 1.0084 |
| 1.00 | -41.09 | 0.7093 | 0.2152 | -1.26 | 211.25 | -1.19 | 233.95 | 232.77 | -0.0051 | 1.0031 |
| 1.25 | -36.23 | 0.7166 | 0.1746 | 4.04 | 213.16 | 4.13 | 230.86 | 234.99 | 0.0175 | 0.9919 |
| 1.50 | -32.08 | 0.7230 | 0.1472 | 8.60 | 214.77 | 8.70 | 228.15 | 236.86 | 0.0366 | 0.9830 |
| 1.75 | -28.44 | 0.7287 | 0.1274 | 12.61 | 216.18 | 12.74 | 225.73 | 238.47 | 0.0531 | 0.9755 |
| 2.00 | -25.18 | 0.7340 | 0.1123 | 16.22 | 217.42 | 16.37 | 223.52 | 239.88 | 0.0678 | 0.9691 |
| 2.25 | -22.22 | 0.7389 | 0.1005 | 19.51 | 218.53 | 19.67 | 221.47 | 241.15 | 0.0809 | 0.9636 |
| 2.50 | -19.51 | 0.7436 | 0.0910 | 22.54 | 219.55 | 22.72 | 219.57 | 242.29 | 0.0930 | 0.9586 |
| 2.75 | -17.00 | 0.7479 | 0.0831 | 25.36 | 220.48 | 25.56 | 217.77 | 243.33 | 0.1040 | 0.9542 |
| 3.00 | -14.66 | 0.7521 | 0.0765 | 27.99 | 221.34 | 28.22 | 216.07 | 244.29 | 0.1143 | 0.9502 |
| 3.25 | -12.46 | 0.7561 | 0.0709 | 30.47 | 222.13 | 30.72 | 214.46 | 245.18 | 0.1238 | 0.9465 |
| 3.50 | -10.39 | 0.7599 | 0.0661 | 32.82 | 222.88 | 33.09 | 212.91 | 246.00 | 0.1328 | 0.9431 |
| 3.75 | -8.43 | 0.7636 | 0.0618 | 35.06 | 223.58 | 35.34 | 211.42 | 246.77 | 0.1413 | 0.9399 |
| 4.00 | -6.56 | 0.7672 | 0.0581 | 37.18 | 224.24 | 37.49 | 209.99 | 247.48 | 0.1493 | 0.9370 |
| 4.25 | -4.78 | 0.7706 | 0.0548 | 39.22 | 224.86 | 39.55 | 208.61 | 248.16 | 0.1569 | 0.9342 |
| 4.50 | -3.08 | 0.7740 | 0.0519 | 41.17 | 225.45 | 41.52 | 207.27 | 248.80 | 0.1642 | 0.9316 |
| 4.75 | -1.45 | 0.7773 | 0.0492 | 43.05 | 226.00 | 43.42 | 205.98 | 249.40 | 0.1711 | 0.9292 |
| 5.00 | 0.12 | 0.7805 | 0.0469 | 44.86 | 226.54 | 45.25 | 204.71 | 249.97 | 0.1777 | 0.9269 |
| 5.25 | 1.63 | 0.7836 | 0.0447 | 46.61 | 227.04 | 47.02 | 203.48 | 250.51 | 0.1841 | 0.9247 |
| 5.50 | 3.08 | 0.7867 | 0.0427 | 48.30 | 227.53 | 48.74 | 202.28 | 251.02 | 0.1903 | 0.9226 |
| 5.75 | 4.49 | 0.7897 | 0.0409 | 49.94 | 227.99 | 50.40 | 201.11 | 251.51 | 0.1962 | 0.9206 |
| 6.00 | 5.85 | 0.7927 | 0.0392 | 51.53 | 228.44 | 52.01 | 199.97 | 251.98 | 0.2019 | 0.9186 |
| 7.00 | 10.91 | 0.8041 | 0.0337 | 57.48 | 230.04 | 58.04 | 195.60 | 253.64 | 0.2231 | 0.9117 |
| 8.00 | 15.45 | 0.8149 | 0.0295 | 62.88 | 231.43 | 63.53 | 191.52 | 255.05 | 0.2419 | 0.9056 |
| 9.00 | 19.59 | 0.8252 | 0.0262 | 67.84 | 232.64 | 68.59 | 187.67 | 256.25 | 0.2591 | 0.9001 |
| 10.00 | 23.40 | 0.8352 | 0.0236 | 72.46 | 233.71 | 73.30 | 183.99 | 257.28 | 0.2748 | 0.8952 |
| 12.00 | 30.25 | 0.8546 | 0.0195 | 80.87 | 235.48 | 81.90 | 177.04 | 258.94 | 0.3029 | 0.8864 |
| 14.00 | 36.29 | 0.8734 | 0.0166 | 88.45 | 236.89 | 89.68 | 170.49 | 260.16 | 0.3277 | 0.8786 |
| 16.00 | 41.73 | 0.8919 | 0.0144 | 95.41 | 238.00 | 96.83 | 164.21 | 261.04 | 0.3500 | 0.8715 |
| 18.00 | 46.69 | 0.9104 | 0.0127 | 101.87 | 238.86 | 103.51 | 158.13 | 261.64 | 0.3705 | 0.8649 |
| 20.00 | 51.26 | 0.9291 | 0.0112 | 107.95 | 239.51 | 109.81 | 152.17 | 261.98 | 0.3895 | 0.8586 |
| 24.00 | 59.46 | 0.9677 | 0.0091 | 119.24 | 240.22 | 121.56 | 140.43 | 261.99 | 0.4241 | 0.8463 |

<a name="tabla-9-a"></a>
$$
\text{Tabla 9-a}
$$
$$
\text{Refrigerante 22}
$$
$$
\text{sobrecalentado (1)}
$$

| $T$ | $v$ | $u$ | $h$ | $s$ | $v$ | $u$ | $h$ | $s$ |
| :--- | :--- | :--- | :--- | :--- | :--- | :--- | :--- | :--- |
| $$^{\circ}\text{C}$$ | $$\text{m}^3/\text{kg}$$ | $$\text{kJ}/\text{kg}$$ | $$\text{kJ}/\text{kg}$$ | $$\text{kJ}/\text{kg}\cdot\text{K}$$ | $$\text{m}^3/\text{kg}$$ | $$\text{kJ}/\text{kg}$$ | $$\text{kJ}/\text{kg}$$ | $$\text{kJ}/\text{kg}\cdot\text{K}$$ |
| | \multicolumn{4}{c|}{$p = 0.4 \text{ bar} = 0.04 \text{ MPa}$} | \multicolumn{4}{c|}{$p = 0.6 \text{ bar} = 0.06 \text{ MPa}$} |
| | \multicolumn{4}{c|}{$(T_{\text{sat}} = -58.86^{\circ}\text{C})$} | \multicolumn{4}{c|}{$(T_{\text{sat}} = -51.40^{\circ}\text{C})$} |
| Sat. | 0.5056 | 204.13 | 224.36 | 1.0512 | 0.3466 | 207.14 | 227.93 | 1.0294 |
| -40 | 0.5516 | 212.92 | 234.98 | 1.1011 | 0.3644 | 212.59 | 234.46 | 1.0588 |
| -30 | 0.5752 | 217.65 | 240.66 | 1.1257 | 0.3808 | 217.39 | 240.24 | 1.0837 |
| -20 | 0.5985 | 222.46 | 246.40 | 1.1495 | 0.3968 | 222.25 | 246.06 | 1.1079 |
| -10 | 0.6215 | 227.34 | 252.20 | 1.1727 | 0.4126 | 227.16 | 251.92 | 1.1314 |
| 0 | 0.6444 | 232.28 | 258.06 | 1.1952 | 0.4282 | 232.13 | 257.82 | 1.1542 |
| 10 | 0.6672 | 237.29 | 263.98 | 1.2173 | 0.4437 | 237.16 | 263.78 | 1.1764 |
| 20 | 0.6898 | 242.36 | 269.95 | 1.2388 | 0.4590 | 242.24 | 269.78 | 1.1981 |
| 30 | 0.7123 | 247.48 | 275.98 | 1.2599 | 0.4742 | 247.38 | 275.83 | 1.2193 |
| 40 | 0.7348 | 252.67 | 282.06 | 1.2806 | 0.4894 | 252.58 | 281.94 | 1.2401 |
| 50 | 0.7571 | 257.91 | 288.20 | 1.3009 | 0.5044 | 257.83 | 288.10 | 1.2605 |
| | \multicolumn{4}{c|}{$p = 0.8 \text{ bar} = 0.08 \text{ MPa}$} | \multicolumn{4}{c|}{$p = 1.0 \text{ bar} = 0.10 \text{ MPa}$} |
| | \multicolumn{4}{c|}{$(T_{\text{sat}} = -45.73^{\circ}\text{C})$} | \multicolumn{4}{c|}{$(T_{\text{sat}} = -41.09^{\circ}\text{C})$} |
| Sat. | 0.2650 | 209.41 | 230.61 | 1.0144 | 0.2152 | 211.25 | 232.77 | 1.0031 |
| -40 | 0.2715 | 212.24 | 233.95 | 1.0289 | 0.2163 | 211.87 | 233.50 | 1.0062 |
| -30 | 0.2842 | 217.11 | 239.84 | 1.0544 | 0.2268 | 216.82 | 239.50 | 1.0321 |
| -20 | 0.2965 | 222.02 | 245.74 | 1.0790 | 0.2370 | 221.78 | 245.48 | 1.0571 |
| -10 | 0.3086 | 226.97 | 251.65 | 1.1028 | 0.2469 | 226.77 | 251.45 | 1.0811 |
| 0 | 0.3205 | 231.96 | 257.60 | 1.1259 | 0.2566 | 231.79 | 257.45 | 1.1044 |
| 10 | 0.3322 | 237.01 | 263.59 | 1.1484 | 0.2661 | 236.86 | 263.48 | 1.1271 |
| 20 | 0.3439 | 242.12 | 269.63 | 1.1703 | 0.2755 | 241.98 | 269.54 | 1.1492 |
| 30 | 0.3554 | 247.27 | 275.71 | 1.1917 | 0.2849 | 247.16 | 275.64 | 1.1708 |
| 40 | 0.3668 | 252.48 | 281.83 | 1.2127 | 0.2941 | 252.38 | 281.79 | 1.1919 |
| 50 | 0.3782 | 257.75 | 288.00 | 1.2332 | 0.3033 | 257.66 | 287.99 | 1.2125 |
| | \multicolumn{4}{c|}{$p = 1.5 \text{ bar} = 0.15 \text{ MPa}$} | \multicolumn{4}{c|}{$p = 2.0 \text{ bar} = 0.20 \text{ MPa}$} |
| | \multicolumn{4}{c|}{$(T_{\text{sat}} = -32.08^{\circ}\text{C})$} | \multicolumn{4}{c|}{$(T_{\text{sat}} = -25.18^{\circ}\text{C})$} |
| Sat. | 0.1472 | 214.77 | 236.86 | 0.9830 | 0.1123 | 217.42 | 239.88 | 0.9691 |
| -30 | 0.1489 | 216.03 | 238.36 | 0.9892 | - | - | - | - |
| -20 | 0.1561 | 221.14 | 244.56 | 1.0152 | 0.1152 | 220.44 | 243.48 | 0.9834 |
| -10 | 0.1630 | 226.24 | 250.70 | 1.0400 | 0.1207 | 225.68 | 249.82 | 1.0090 |
| 0 | 0.1698 | 231.35 | 256.81 | 1.0639 | 0.1260 | 230.88 | 256.09 | 1.0335 |
| 10 | 0.1764 | 236.48 | 262.94 | 1.0870 | 0.1312 | 236.08 | 262.33 | 1.0571 |
| 20 | 0.1828 | 241.65 | 269.07 | 1.1095 | 0.1363 | 241.31 | 268.57 | 1.0800 |
| 30 | 0.1892 | 246.86 | 275.24 | 1.1315 | 0.1413 | 246.56 | 274.82 | 1.1023 |
| 40 | 0.1955 | 252.12 | 281.44 | 1.1528 | 0.1462 | 251.85 | 281.08 | 1.1240 |
| 50 | 0.2017 | 257.42 | 287.68 | 1.1737 | 0.1510 | 257.18 | 287.38 | 1.1451 |
| 60 | 0.2078 | 262.78 | 293.95 | 1.1942 | 0.1557 | 262.56 | 293.70 | 1.1659 |

<a name="tabla-9-b"></a>
$$
\text{Tabla 9-b}
$$
$$
\text{Refrigerante 22}
$$
$$
\text{sobrecalentado (2)}
$$

| $T$ | $v$ | $u$ | $h$ | $s$ | $v$ | $u$ | $h$ | $s$ |
| :--- | :--- | :--- | :--- | :--- | :--- | :--- | :--- | :--- |
| $$^{\circ}\text{C}$$ | $$\text{m}^3/\text{kg}$$ | $$\text{kJ}/\text{kg}$$ | $$\text{kJ}/\text{kg}$$ | $$\text{kJ}/\text{kg}\cdot\text{K}$$ | $$\text{m}^3/\text{kg}$$ | $$\text{kJ}/\text{kg}$$ | $$\text{kJ}/\text{kg}$$ | $$\text{kJ}/\text{kg}\cdot\text{K}$$ |
| | \multicolumn{4}{c|}{$p = 2.5 \text{ bar} = 0.25 \text{ MPa}$} | \multicolumn{4}{c|}{$p = 3.0 \text{ bar} = 0.30 \text{ MPa}$} |
| | \multicolumn{4}{c|}{$(T_{\text{sat}} = -19.51^{\circ}\text{C})$} | \multicolumn{4}{c|}{$(T_{\text{sat}} = -14.66^{\circ}\text{C})$} |
| Sat. | 0.0910 | 219.55 | 242.29 | 0.9586 | 0.0765 | 221.34 | 244.29 | 0.9502 |
| -10 | 0.0954 | 225.07 | 248.91 | 0.9841 | 0.0783 | 224.40 | 247.88 | 0.9634 |
| 0 | 0.0998 | 230.38 | 255.33 | 1.0094 | 0.0822 | 229.83 | 254.49 | 0.9897 |
| 10 | 0.1041 | 235.65 | 261.68 | 1.0336 | 0.0859 | 235.18 | 260.96 | 1.0147 |
| 20 | 0.1083 | 240.94 | 268.02 | 1.0571 | 0.0896 | 240.54 | 267.41 | 1.0387 |
| 30 | 0.1124 | 246.24 | 274.34 | 1.0798 | 0.0931 | 245.89 | 273.82 | 1.0619 |
| 40 | 0.1165 | 251.56 | 280.68 | 1.1019 | 0.0966 | 251.25 | 280.23 | 1.0844 |
| 50 | 0.1205 | 256.92 | 287.04 | 1.1234 | 0.1001 | 256.65 | 286.67 | 1.1062 |
| 60 | 0.1244 | 262.33 | 293.42 | 1.1444 | 0.1035 | 262.08 | 293.13 | 1.1275 |
| 70 | 0.1283 | 267.79 | 299.86 | 1.1650 | 0.1069 | 267.56 | 299.63 | 1.1483 |
| 80 | 0.1321 | 273.29 | 306.32 | 1.1852 | 0.1102 | 273.08 | 306.13 | 1.1687 |
| | \multicolumn{4}{c|}{$p = 3.5 \text{ bar} = 0.35 \text{ MPa}$} | \multicolumn{4}{c|}{$p = 4.0 \text{ bar} = 0.40 \text{ MPa}$} |
| | \multicolumn{4}{c|}{$(T_{\text{sat}} = -10.39^{\circ}\text{C})$} | \multicolumn{4}{c|}{$(T_{\text{sat}} = -6.56^{\circ}\text{C})$} |
| Sat. | 0.0661 | 222.88 | 246.00 | 0.9431 | 0.0581 | 224.24 | 247.48 | 0.9370 |
| 0 | 0.0694 | 229.24 | 253.53 | 0.9730 | 0.0598 | 228.58 | 252.49 | 0.9547 |
| 10 | 0.0728 | 234.68 | 260.16 | 0.9986 | 0.0628 | 234.14 | 259.27 | 0.9809 |
| 20 | 0.0760 | 240.11 | 266.72 | 1.0232 | 0.0658 | 239.65 | 265.97 | 1.0062 |
| 30 | 0.0792 | 245.52 | 273.24 | 1.0468 | 0.0687 | 245.13 | 272.60 | 1.0304 |
| 40 | 0.0823 | 250.92 | 279.74 | 1.0697 | 0.0715 | 250.57 | 279.18 | 1.0537 |
| 50 | 0.0854 | 256.36 | 286.25 | 1.0919 | 0.0743 | 256.04 | 285.78 | 1.0763 |
| 60 | 0.0884 | 261.82 | 292.77 | 1.1135 | 0.0770 | 261.54 | 292.34 | 1.0983 |
| 70 | 0.0914 | 267.32 | 299.31 | 1.1346 | 0.0797 | 267.06 | 298.96 | 1.1197 |
| 80 | 0.0944 | 272.86 | 305.88 | 1.1553 | 0.0824 | 272.62 | 305.59 | 1.1406 |
| 90 | 0.0973 | 278.43 | 312.48 | 1.1755 | 0.0850 | 278.22 | 312.22 | 1.1610 |
| | \multicolumn{4}{c|}{$p = 4.5 \text{ bar} = 0.45 \text{ MPa}$} | \multicolumn{4}{c|}{$p = 5.0 \text{ bar} = 0.50 \text{ MPa}$} |
| | \multicolumn{4}{c|}{$(T_{\text{sat}} = -3.08^{\circ}\text{C})$} | \multicolumn{4}{c|}{$(T_{\text{sat}} = 0.12^{\circ}\text{C})$} |
| Sat. | 0.0519 | 225.45 | 248.80 | 0.9316 | 0.0469 | 226.54 | 249.97 | 0.9269 |
| 0 | 0.0526 | 227.87 | 251.52 | 0.9416 | - | - | - | - |
| 10 | 0.0553 | 233.56 | 258.46 | 0.9684 | 0.0494 | 232.93 | 257.62 | 0.9546 |
| 20 | 0.0579 | 239.16 | 265.22 | 0.9943 | 0.0518 | 238.62 | 264.53 | 0.9811 |
| 30 | 0.0605 | 244.70 | 271.93 | 1.0189 | 0.0542 | 244.24 | 271.32 | 1.0062 |
| 40 | 0.0630 | 250.19 | 278.56 | 1.0426 | 0.0565 | 249.79 | 278.02 | 1.0304 |
| 50 | 0.0655 | 255.70 | 285.19 | 1.0655 | 0.0588 | 255.35 | 284.73 | 1.0537 |
| 60 | 0.0679 | 261.24 | 291.80 | 1.0878 | 0.0610 | 260.92 | 291.41 | 1.0763 |
| 70 | 0.0703 | 266.79 | 298.42 | 1.1095 | 0.0632 | 266.50 | 298.10 | 1.0983 |
| 80 | 0.0727 | 272.38 | 305.08 | 1.1306 | 0.0654 | 272.11 | 304.81 | 1.1197 |
| 90 | 0.0750 | 278.00 | 311.75 | 1.1513 | 0.0675 | 277.76 | 311.52 | 1.1406 |

<a name="tabla-9-c"></a>
$$
\text{Tabla 9-c}
$$
$$
\text{Refrigerante 22}
$$
$$
\text{sobrecalentado (3)}
$$

| $T$ | $v$ | $u$ | $h$ | $s$ | $v$ | $u$ | $h$ | $s$ |
| :--- | :--- | :--- | :--- | :--- | :--- | :--- | :--- | :--- |
| $$^{\circ}\text{C}$$ | $$\text{m}^3/\text{kg}$$ | $$\text{kJ}/\text{kg}$$ | $$\text{kJ}/\text{kg}$$ | $$\text{kJ}/\text{kg}\cdot\text{K}$$ | $$\text{m}^3/\text{kg}$$ | $$\text{kJ}/\text{kg}$$ | $$\text{kJ}/\text{kg}$$ | $$\text{kJ}/\text{kg}\cdot\text{K}$$ |
| | \multicolumn{4}{c|}{$p = 5.5 \text{ bar} = 0.55 \text{ MPa}$} | \multicolumn{4}{c|}{$p = 6.0 \text{ bar} = 0.60 \text{ MPa}$} |
| | \multicolumn{4}{c|}{$(T_{\text{sat}} = 3.08^{\circ}\text{C})$} | \multicolumn{4}{c|}{$(T_{\text{sat}} = 5.85^{\circ}\text{C})$} |
| Sat. | 0.0427 | 227.53 | 251.02 | 0.9226 | 0.0392 | 228.44 | 251.98 | 0.9186 |
| 10 | 0.0445 | 232.25 | 256.71 | 0.9416 | 0.0402 | 231.50 | 255.63 | 0.9288 |
| 20 | 0.0468 | 238.04 | 263.78 | 0.9688 | 0.0424 | 237.40 | 262.85 | 0.9568 |
| 30 | 0.0491 | 243.74 | 270.72 | 0.9945 | 0.0445 | 243.20 | 269.88 | 0.9832 |
| 40 | 0.0512 | 249.36 | 277.53 | 1.0191 | 0.0465 | 248.88 | 276.77 | 1.0084 |
| 50 | 0.0533 | 254.96 | 284.28 | 1.0428 | 0.0485 | 254.54 | 283.62 | 1.0326 |
| 60 | 0.0554 | 260.58 | 291.03 | 1.0658 | 0.0504 | 260.20 | 290.44 | 1.0559 |
| 70 | 0.0574 | 266.19 | 297.77 | 1.0881 | 0.0523 | 265.86 | 297.23 | 1.0786 |
| 80 | 0.0594 | 271.83 | 304.51 | 1.1098 | 0.0542 | 271.53 | 304.03 | 1.0998 |
| 90 | 0.0613 | 277.51 | 311.24 | 1.1310 | 0.0560 | 277.24 | 310.82 | 1.1213 |
| 100 | 0.0633 | 283.23 | 318.02 | 1.1517 | 0.0578 | 282.98 | 317.65 | 1.1422 |
| | \multicolumn{4}{c|}{$p = 7.0 \text{ bar} = 0.70 \text{ MPa}$} | \multicolumn{4}{c|}{$p = 8.0 \text{ bar} = 0.80 \text{ MPa}$} |
| | \multicolumn{4}{c|}{$(T_{\text{sat}} = 10.91^{\circ}\text{C})$} | \multicolumn{4}{c|}{$(T_{\text{sat}} = 15.45^{\circ}\text{C})$} |
| Sat. | 0.0337 | 230.04 | 253.64 | 0.9117 | 0.0295 | 231.43 | 255.05 | 0.9056 |
| 20 | 0.0355 | 236.00 | 260.85 | 0.9340 | 0.0304 | 234.42 | 258.75 | 0.9184 |
| 30 | 0.0374 | 242.01 | 268.22 | 0.9616 | 0.0322 | 240.71 | 266.44 | 0.9472 |
| 40 | 0.0392 | 247.85 | 275.29 | 0.9879 | 0.0338 | 246.73 | 273.74 | 0.9745 |
| 50 | 0.0410 | 253.65 | 282.32 | 1.0130 | 0.0354 | 252.68 | 280.98 | 1.0003 |
| 60 | 0.0427 | 259.41 | 289.28 | 1.0370 | 0.0369 | 258.55 | 288.08 | 1.0251 |
| 70 | 0.0443 | 265.15 | 296.18 | 1.0603 | 0.0384 | 264.40 | 295.10 | 1.0489 |
| 80 | 0.0460 | 270.89 | 303.09 | 1.0829 | 0.0399 | 270.21 | 302.13 | 1.0720 |
| 90 | 0.0476 | 276.65 | 309.98 | 1.1049 | 0.0413 | 276.03 | 309.09 | 1.0944 |
| 100 | 0.0492 | 282.44 | 316.89 | 1.1263 | 0.0427 | 281.88 | 316.06 | 1.1162 |
| 110 | 0.0507 | 288.27 | 323.80 | 1.1472 | 0.0441 | 287.75 | 323.06 | 1.1374 |
| | \multicolumn{4}{c|}{$p = 9.0 \text{ bar} = 0.90 \text{ MPa}$} | \multicolumn{4}{c|}{$p = 10.0 \text{ bar} = 1.00 \text{ MPa}$} |
| | \multicolumn{4}{c|}{$(T_{\text{sat}} = 19.59^{\circ}\text{C})$} | \multicolumn{4}{c|}{$(T_{\text{sat}} = 23.40^{\circ}\text{C})$} |
| Sat. | 0.0262 | 232.64 | 256.25 | 0.9001 | 0.0236 | 233.71 | 257.28 | 0.8952 |
| 20 | 0.0263 | 232.64 | 256.32 | 0.9004 | - | - | - | - |
| 30 | 0.0281 | 239.30 | 264.55 | 0.9306 | 0.0248 | 237.75 | 262.58 | 0.9135 |
| 40 | 0.0296 | 245.52 | 272.16 | 0.9590 | 0.0263 | 244.22 | 270.52 | 0.9427 |
| 50 | 0.0311 | 251.64 | 279.59 | 0.9859 | 0.0277 | 250.52 | 278.18 | 0.9708 |
| 60 | 0.0325 | 257.65 | 286.86 | 1.0114 | 0.0290 | 256.68 | 285.63 | 0.9972 |
| 70 | 0.0338 | 263.60 | 293.99 | 1.0359 | 0.0302 | 262.75 | 292.96 | 1.0224 |
| 80 | 0.0350 | 269.49 | 301.03 | 1.0596 | 0.0314 | 268.73 | 300.14 | 1.0467 |
| 90 | 0.0363 | 275.38 | 308.06 | 1.0825 | 0.0326 | 274.69 | 307.28 | 1.0701 |
| 100 | 0.0375 | 281.28 | 315.06 | 1.1047 | 0.0338 | 280.66 | 314.43 | 1.0928 |
| 110 | 0.0387 | 287.21 | 322.06 | 1.1264 | 0.0349 | 286.64 | 321.52 | 1.1148 |
| 120 | 0.0399 | 293.18 | 329.08 | 1.1475 | 0.0360 | 292.65 | 328.62 | 1.1362 |

<a name="tabla-9-d"></a>
$$
\text{Tabla 9-d}
$$
$$
\text{Refrigerante 22}
$$
$$
\text{sobrecalentado (4)}
$$

| $T$ | $v$ | $u$ | $h$ | $s$ | $v$ | $u$ | $h$ | $s$ |
| :--- | :--- | :--- | :--- | :--- | :--- | :--- | :--- | :--- |
| $$^{\circ}\text{C}$$ | $$\text{m}^3/\text{kg}$$ | $$\text{kJ}/\text{kg}$$ | $$\text{kJ}/\text{kg}$$ | $$\text{kJ}/\text{kg}\cdot\text{K}$$ | $$\text{m}^3/\text{kg}$$ | $$\text{kJ}/\text{kg}$$ | $$\text{kJ}/\text{kg}$$ | $$\text{kJ}/\text{kg}\cdot\text{K}$$ |
| | \multicolumn{4}{c|}{$p = 12.0 \text{ bar} = 1.20 \text{ MPa}$} | \multicolumn{4}{c|}{$p = 14.0 \text{ bar} = 1.40 \text{ MPa}$} |
| | \multicolumn{4}{c|}{$(T_{\text{sat}} = 30.25^{\circ}\text{C})$} | \multicolumn{4}{c|}{$(T_{\text{sat}} = 36.29^{\circ}\text{C})$} |
| Sat. | 0.0195 | 235.48 | 258.94 | 0.8864 | 0.0166 | 236.89 | 260.16 | 0.8786 |
| 40 | 0.0210 | 241.25 | 266.42 | 0.9103 | 0.0171 | 239.53 | 263.48 | 0.8892 |
| 50 | 0.0223 | 248.06 | 274.87 | 0.9366 | 0.0185 | 246.60 | 272.50 | 0.9174 |
| 60 | 0.0236 | 254.67 | 283.05 | 0.9616 | 0.0197 | 253.48 | 281.08 | 0.9436 |
| 70 | 0.0249 | 261.16 | 291.02 | 0.9856 | 0.0209 | 260.16 | 289.37 | 0.9685 |
| 80 | 0.0261 | 267.55 | 298.83 | 1.0089 | 0.0220 | 266.69 | 297.43 | 0.9924 |
| 90 | 0.0272 | 273.86 | 306.53 | 1.0315 | 0.0231 | 273.13 | 305.34 | 1.0156 |
| 100 | 0.0284 | 280.14 | 314.16 | 1.0537 | 0.0241 | 279.51 | 313.14 | 1.0382 |
| 110 | 0.0294 | 286.37 | 321.71 | 1.0754 | 0.0251 | 285.83 | 320.84 | 1.0603 |
| 120 | 0.0305 | 292.59 | 329.21 | 1.0967 | 0.0261 | 292.12 | 328.45 | 1.0820 |
| 130 | 0.0316 | 298.80 | 336.68 | 1.1176 | 0.0271 | 298.39 | 336.00 | 1.1032 |
| | \multicolumn{4}{c|}{$p = 16.0 \text{ bar} = 1.60 \text{ MPa}$} | \multicolumn{4}{c|}{$p = 18.0 \text{ bar} = 1.80 \text{ MPa}$} |
| | \multicolumn{4}{c|}{$(T_{\text{sat}} = 41.73^{\circ}\text{C})$} | \multicolumn{4}{c|}{$(T_{\text{sat}} = 46.69^{\circ}\text{C})$} |
| Sat. | 0.0144 | 238.00 | 261.04 | 0.8715 | 0.0127 | 238.86 | 261.64 | 0.8649 |
| 50 | 0.0155 | 244.97 | 269.75 | 0.8988 | 0.0131 | 243.14 | 266.65 | 0.8805 |
| 60 | 0.0167 | 252.17 | 278.89 | 0.9264 | 0.0143 | 250.72 | 276.45 | 0.9098 |
| 70 | 0.0178 | 259.06 | 287.52 | 0.9523 | 0.0153 | 257.86 | 285.45 | 0.9368 |
| 80 | 0.0189 | 265.75 | 295.93 | 0.9770 | 0.0163 | 264.73 | 294.09 | 0.9624 |
| 90 | 0.0199 | 272.33 | 304.14 | 1.0008 | 0.0172 | 271.46 | 302.48 | 0.9868 |
| 100 | 0.0208 | 278.82 | 312.16 | 1.0238 | 0.0181 | 278.07 | 310.73 | 1.0105 |
| 110 | 0.0218 | 285.25 | 320.06 | 1.0463 | 0.0190 | 284.62 | 318.79 | 1.0335 |
| 120 | 0.0227 | 291.62 | 327.91 | 1.0683 | 0.0198 | 291.08 | 326.74 | 1.0559 |
| 130 | 0.0235 | 297.96 | 335.63 | 1.0898 | 0.0206 | 297.49 | 334.61 | 1.0778 |
| 140 | 0.0244 | 304.28 | 343.32 | 1.1110 | 0.0214 | 303.88 | 342.44 | 1.0993 |
| | \multicolumn{4}{c|}{$p = 20.0 \text{ bar} = 2.00 \text{ MPa}$} | \multicolumn{4}{c|}{$p = 24.0 \text{ bar} = 2.40 \text{ MPa}$} |
| | \multicolumn{4}{c|}{$(T_{\text{sat}} = 51.26^{\circ}\text{C})$} | \multicolumn{4}{c|}{$(T_{\text{sat}} = 59.46^{\circ}\text{C})$} |
| Sat. | 0.0112 | 239.51 | 261.98 | 0.8586 | 0.0091 | 240.22 | 261.99 | 0.8463 |
| 60 | 0.0123 | 249.12 | 273.74 | 0.8937 | 0.0092 | 240.94 | 263.02 | 0.8494 |
| 70 | 0.0134 | 256.54 | 283.30 | 0.9221 | 0.0104 | 253.53 | 278.43 | 0.8942 |
| 80 | 0.0143 | 263.63 | 292.14 | 0.9485 | 0.0113 | 261.16 | 288.38 | 0.9229 |
| 90 | 0.0152 | 270.52 | 300.91 | 0.9736 | 0.0122 | 268.46 | 297.64 | 0.9497 |
| 100 | 0.0160 | 277.27 | 309.28 | 0.9978 | 0.0130 | 275.52 | 306.60 | 0.9751 |
| 110 | 0.0168 | 283.94 | 317.51 | 1.0213 | 0.0137 | 282.47 | 315.31 | 0.9996 |
| 120 | 0.0175 | 290.52 | 325.59 | 1.0441 | 0.0144 | 289.31 | 323.82 | 1.0232 |
| 130 | 0.0183 | 297.01 | 333.60 | 1.0664 | 0.0151 | 295.99 | 332.14 | 1.0461 |
| 140 | 0.0190 | 303.45 | 341.51 | 1.0882 | 0.0157 | 302.56 | 340.29 | 1.0683 |
| 150 | 0.0197 | 309.86 | 349.33 | 1.1096 | 0.0163 | 309.07 | 348.29 | 1.0901 |

<a name="refrigerante-134a"></a>
## Refrigerante 134a

<a name="tabla-10"></a>
$$
\text{Tabla 10}
$$
$$
\text{Refrigerante 134a}
$$
$$
\text{saturado (Temp.)}
$$

| Temp. | Presión | $v_f \times 10^3$ | $v_g$ | $u_f$ | $u_g$ | $h_f$ | $h_{fg}$ | $h_g$ | $s_f$ | $s_g$ |
| :--- | :--- | :--- | :--- | :--- | :--- | :--- | :--- | :--- | :--- | :--- |
| $$^{\circ}\text{C}$$ | $$\text{bar}$$ | $$\text{m}^3/\text{kg}$$ | $$\text{m}^3/\text{kg}$$ | $$\text{kJ}/\text{kg}$$ | $$\text{kJ}/\text{kg}$$ | $$\text{kJ}/\text{kg}$$ | $$\text{kJ}/\text{kg}$$ | $$\text{kJ}/\text{kg}$$ | $$\text{kJ}/\text{kg}\cdot\text{K}$$ | $$\text{kJ}/\text{kg}\cdot\text{K}$$ |
| -40 | 0.5125 | 0.7055 | 0.3608 | -0.04 | 204.45 | 0.00 | 225.86 | 225.86 | 0.0000 | 0.9686 |
| -36 | 0.6252 | 0.7113 | 0.3008 | 4.68 | 206.82 | 4.73 | 223.33 | 228.06 | 0.0201 | 0.9632 |
| -32 | 0.7559 | 0.7172 | 0.2527 | 9.47 | 209.20 | 9.52 | 220.73 | 230.25 | 0.0401 | 0.9582 |
| -28 | 0.9069 | 0.7233 | 0.2137 | 14.31 | 211.59 | 14.37 | 218.06 | 232.43 | 0.0600 | 0.9536 |
| -26 | 0.9901 | 0.7265 | 0.1970 | 16.76 | 212.78 | 16.83 | 216.69 | 233.52 | 0.0699 | 0.9515 |
| -24 | 1.0792 | 0.7297 | 0.1818 | 19.23 | 213.98 | 19.31 | 215.30 | 234.61 | 0.0798 | 0.9495 |
| -20 | 1.2750 | 0.7362 | 0.1474 | 24.23 | 216.38 | 24.32 | 212.44 | 236.76 | 0.0996 | 0.9456 |
| -16 | 1.4950 | 0.7428 | 0.1265 | 29.30 | 218.78 | 29.41 | 209.49 | 238.90 | 0.1192 | 0.9421 |
| -12 | 1.7410 | 0.7498 | 0.1091 | 34.43 | 221.19 | 34.56 | 206.46 | 241.02 | 0.1388 | 0.9388 |
| -8 | 2.0160 | 0.7569 | 0.0945 | 39.63 | 223.60 | 39.78 | 203.35 | 243.13 | 0.1583 | 0.9358 |
| -4 | 2.3210 | 0.7642 | 0.0821 | 44.89 | 226.01 | 45.07 | 200.16 | 245.23 | 0.1776 | 0.9329 |
| 0 | 2.6590 | 0.7718 | 0.0718 | 50.21 | 228.43 | 50.42 | 196.88 | 247.30 | 0.1969 | 0.9303 |
| 4 | 3.0330 | 0.7797 | 0.0629 | 55.61 | 230.84 | 55.85 | 193.52 | 249.37 | 0.2162 | 0.9278 |
| 8 | 3.4440 | 0.7878 | 0.0554 | 61.07 | 233.25 | 61.34 | 190.07 | 251.41 | 0.2354 | 0.9254 |
| 12 | 3.8960 | 0.7963 | 0.0489 | 66.60 | 235.65 | 66.91 | 186.53 | 253.44 | 0.2545 | 0.9232 |
| 16 | 4.3910 | 0.8051 | 0.0433 | 72.21 | 238.04 | 72.56 | 182.89 | 255.45 | 0.2736 | 0.9210 |
| 20 | 4.9310 | 0.8143 | 0.0384 | 77.89 | 240.42 | 78.29 | 179.16 | 257.45 | 0.2927 | 0.9189 |
| 24 | 5.5190 | 0.8239 | 0.0342 | 83.66 | 242.79 | 84.11 | 175.32 | 259.43 | 0.3117 | 0.9169 |
| 28 | 6.1580 | 0.8339 | 0.0305 | 89.50 | 245.14 | 90.01 | 171.37 | 261.38 | 0.3308 | 0.9149 |
| 32 | 6.8510 | 0.8443 | 0.0273 | 95.43 | 247.47 | 96.01 | 167.31 | 263.32 | 0.3498 | 0.9129 |
| 36 | 7.6000 | 0.8553 | 0.0245 | 101.46 | 249.77 | 102.11 | 163.12 | 265.23 | 0.3688 | 0.9109 |
| 40 | 8.4090 | 0.8668 | 0.0220 | 107.57 | 252.05 | 108.30 | 158.80 | 267.10 | 0.3879 | 0.9089 |
| 44 | 9.2810 | 0.8790 | 0.0198 | 113.78 | 254.30 | 114.60 | 154.34 | 268.94 | 0.4070 | 0.9069 |
| 48 | 10.221 | 0.8918 | 0.0178 | 120.10 | 256.51 | 121.01 | 149.72 | 270.73 | 0.4261 | 0.9048 |
| 52 | 11.233 | 0.9054 | 0.0160 | 126.54 | 258.69 | 127.56 | 144.93 | 272.49 | 0.4453 | 0.9026 |
| 56 | 12.321 | 0.9200 | 0.0144 | 133.09 | 260.82 | 134.22 | 139.95 | 274.17 | 0.4646 | 0.9003 |
| 60 | 13.488 | 0.9355 | 0.0130 | 139.77 | 262.90 | 141.03 | 134.76 | 275.79 | 0.4840 | 0.8978 |
| 64 | 14.739 | 0.9523 | 0.0117 | 146.59 | 264.92 | 147.99 | 129.34 | 277.33 | 0.5036 | 0.8951 |
| 68 | 16.079 | 0.9706 | 0.0105 | 153.56 | 266.88 | 155.12 | 123.65 | 278.77 | 0.5233 | 0.8921 |
| 72 | 17.514 | 0.9907 | 0.0094 | 160.71 | 268.75 | 162.45 | 117.65 | 280.10 | 0.5433 | 0.8888 |
| 76 | 19.049 | 1.0131 | 0.0084 | 168.07 | 270.52 | 170.00 | 111.30 | 281.30 | 0.5636 | 0.8850 |
| 80 | 20.690 | 1.0385 | 0.0075 | 175.67 | 272.17 | 177.82 | 104.53 | 282.35 | 0.5843 | 0.8808 |
| 84 | 22.443 | 1.0676 | 0.0066 | 183.56 | 273.67 | 185.96 | 97.26 | 283.22 | 0.6055 | 0.8758 |
| 88 | 24.316 | 1.1020 | 0.0058 | 191.80 | 274.97 | 194.48 | 89.37 | 283.85 | 0.6275 | 0.8700 |
| 92 | 26.319 | 1.1441 | 0.0050 | 200.49 | 276.01 | 203.50 | 80.68 | 284.18 | 0.6506 | 0.8629 |
| 96 | 28.461 | 1.1983 | 0.0042 | 209.80 | 276.68 | 213.21 | 70.85 | 284.06 | 0.6754 | 0.8540 |
| 100 | 30.760 | 1.2755 | 0.0034 | 220.07 | 276.77 | 223.99 | 59.20 | 283.19 | 0.7032 | 0.8423 |

<a name="tabla-11"></a>
$$
\text{Tabla 11}
$$
$$
\text{Refrigerante 134a}
$$
$$
\text{saturado (Pres.)}
$$

| Presión | Temp. | $v_f \times 10^3$ | $v_g$ | $u_f$ | $u_g$ | $h_f$ | $h_{fg}$ | $h_g$ | $s_f$ | $s_g$ |
| :--- | :--- | :--- | :--- | :--- | :--- | :--- | :--- | :--- | :--- | :--- |
| $$\text{bar}$$ | $$^{\circ}\text{C}$$ | $$\text{m}^3/\text{kg}$$ | $$\text{m}^3/\text{kg}$$ | $$\text{kJ}/\text{kg}$$ | $$\text{kJ}/\text{kg}$$ | $$\text{kJ}/\text{kg}$$ | $$\text{kJ}/\text{kg}$$ | $$\text{kJ}/\text{kg}$$ | $$\text{kJ}/\text{kg}\cdot\text{K}$$ | $$\text{kJ}/\text{kg}\cdot\text{K}$$ |
| 0.60 | -37.07 | 0.7097 | 0.3124 | 3.38 | 206.12 | 3.42 | 221.27 | 224.69 | 0.0145 | 0.9520 |
| 0.80 | -30.62 | 0.7189 | 0.2397 | 11.23 | 210.02 | 11.29 | 219.03 | 230.32 | 0.0475 | 0.9480 |
| 1.00 | -25.54 | 0.7272 | 0.1925 | 17.58 | 213.06 | 17.65 | 215.82 | 233.47 | 0.0732 | 0.9499 |
| 1.20 | -21.29 | 0.7340 | 0.1614 | 22.61 | 215.61 | 22.70 | 213.38 | 236.08 | 0.0931 | 0.9469 |
| 1.40 | -17.63 | 0.7401 | 0.1390 | 26.96 | 217.78 | 27.06 | 211.27 | 238.33 | 0.1102 | 0.9442 |
| 1.60 | -14.40 | 0.7456 | 0.1219 | 31.06 | 219.68 | 31.18 | 209.41 | 240.59 | 0.1256 | 0.9416 |
| 1.80 | -11.51 | 0.7507 | 0.1085 | 34.82 | 221.36 | 34.96 | 207.72 | 242.68 | 0.1396 | 0.9392 |
| 2.00 | -8.88 | 0.7554 | 0.0978 | 38.32 | 222.86 | 38.47 | 206.18 | 244.65 | 0.1524 | 0.9372 |
| 2.40 | -4.24 | 0.7638 | 0.0815 | 44.59 | 225.61 | 44.77 | 203.41 | 248.18 | 0.1755 | 0.9338 |
| 2.80 | -0.19 | 0.7715 | 0.0697 | 50.05 | 228.05 | 50.27 | 200.95 | 251.22 | 0.1953 | 0.9312 |
| 3.20 | 3.42 | 0.7787 | 0.0608 | 54.91 | 230.24 | 55.16 | 198.71 | 253.87 | 0.2132 | 0.9291 |
| 3.60 | 6.69 | 0.7854 | 0.0539 | 59.33 | 232.22 | 59.61 | 196.65 | 256.26 | 0.2294 | 0.9274 |
| 4.00 | 9.71 | 0.7918 | 0.0483 | 63.43 | 234.05 | 63.75 | 194.73 | 258.48 | 0.2443 | 0.9260 |
| 5.00 | 16.34 | 0.8066 | 0.0384 | 72.58 | 238.16 | 72.98 | 190.41 | 263.39 | 0.2774 | 0.9234 |
| 6.00 | 22.06 | 0.8196 | 0.0315 | 80.60 | 241.69 | 81.09 | 186.59 | 267.68 | 0.3060 | 0.9216 |
| 7.00 | 27.13 | 0.8318 | 0.0267 | 87.82 | 244.82 | 88.40 | 183.15 | 271.55 | 0.3312 | 0.9204 |
| 8.00 | 31.72 | 0.8430 | 0.0231 | 94.46 | 247.66 | 95.13 | 179.95 | 275.08 | 0.3540 | 0.9195 |
| 9.00 | 35.94 | 0.8536 | 0.0203 | 100.64 | 250.27 | 101.41 | 176.94 | 278.35 | 0.3750 | 0.9189 |
| 10.00 | 39.87 | 0.8640 | 0.0180 | 106.46 | 252.70 | 107.32 | 174.06 | 281.38 | 0.3944 | 0.9185 |
| 12.00 | 46.89 | 0.8837 | 0.0145 | 117.29 | 257.17 | 118.35 | 168.52 | 286.87 | 0.4297 | 0.9178 |
| 14.00 | 53.03 | 0.9025 | 0.0120 | 127.19 | 261.22 | 128.45 | 163.21 | 291.66 | 0.4613 | 0.9172 |
| 16.00 | 58.55 | 0.9208 | 0.0101 | 136.43 | 264.91 | 137.90 | 158.00 | 295.90 | 0.4901 | 0.9164 |
| 18.00 | 63.60 | 0.9388 | 0.0086 | 145.17 | 268.29 | 146.86 | 152.79 | 299.65 | 0.5167 | 0.9153 |
| 20.00 | 68.28 | 0.9570 | 0.0074 | 153.53 | 271.39 | 155.44 | 147.47 | 302.91 | 0.5416 | 0.9137 |
| 25.00 | 78.61 | 1.0028 | 0.0053 | 173.20 | 278.10 | 175.71 | 133.64 | 309.35 | 0.5982 | 0.9080 |
| 30.00 | 87.52 | 1.0505 | 0.0040 | 191.61 | 283.39 | 194.76 | 118.15 | 312.91 | 0.6500 | 0.8996 |
| 35.00 | 95.46 | 1.1062 | 0.0029 | 209.68 | 286.81 | 213.55 | 98.71 | 312.26 | 0.7001 | 0.8841 |
| 40.00 | 100.86 | 1.2505 | 0.0016 | 231.84 | 283.82 | 236.84 | 53.68 | 290.52 | 0.7628 | 0.8402 |

<a name="tabla-12-a"></a>
$$
\text{Tabla 12-a}
$$
$$
\text{Refrigerante 134a}
$$
$$
\text{sobrecalentado (1)}
$$

| $T$ | $v$ | $u$ | $h$ | $s$ | $v$ | $u$ | $h$ | $s$ |
| :--- | :--- | :--- | :--- | :--- | :--- | :--- | :--- | :--- |
| $$^{\circ}\text{C}$$ | $$\text{m}^3/\text{kg}$$ | $$\text{kJ}/\text{kg}$$ | $$\text{kJ}/\text{kg}$$ | $$\text{kJ}/\text{kg}\cdot\text{K}$$ | $$\text{m}^3/\text{kg}$$ | $$\text{kJ}/\text{kg}$$ | $$\text{kJ}/\text{kg}$$ | $$\text{kJ}/\text{kg}\cdot\text{K}$$ |
| | \multicolumn{4}{c|}{$p = 0.6 \text{ bar} = 0.06 \text{ MPa}$} | \multicolumn{4}{c|}{$p = 1.0 \text{ bar} = 0.10 \text{ MPa}$} |
| | \multicolumn{4}{c|}{$(T_{\text{sat}} = -37.07^{\circ}\text{C})$} | \multicolumn{4}{c|}{$(T_{\text{sat}} = -26.43^{\circ}\text{C})$} |
| Sat. | 0.3124 | 206.12 | 224.86 | 0.9520 | 0.1925 | 213.06 | 232.31 | 0.9499 |
| -20 | 0.3364 | 217.86 | 238.04 | 1.0062 | 0.1984 | 217.43 | 237.27 | 0.9698 |
| -10 | 0.3502 | 224.89 | 245.90 | 1.0366 | 0.2074 | 224.40 | 245.14 | 1.0009 |
| 0 | 0.3637 | 232.06 | 253.88 | 1.0660 | 0.2163 | 231.50 | 253.13 | 1.0309 |
| 10 | 0.3771 | 239.38 | 262.00 | 1.0947 | 0.2250 | 238.74 | 261.24 | 1.0601 |
| 20 | 0.3904 | 246.85 | 270.27 | 1.1228 | 0.2335 | 246.14 | 269.49 | 1.0886 |
| 30 | 0.4035 | 254.46 | 278.67 | 1.1502 | 0.2419 | 253.69 | 277.88 | 1.1165 |
| 40 | 0.4166 | 262.22 | 287.21 | 1.1772 | 0.2503 | 261.39 | 286.42 | 1.1438 |
| 50 | 0.4296 | 270.12 | 295.90 | 1.2037 | 0.2586 | 269.24 | 295.10 | 1.1706 |
| 60 | 0.4425 | 278.18 | 304.73 | 1.2298 | 0.2668 | 277.26 | 303.94 | 1.1969 |
| 70 | 0.4554 | 286.37 | 313.69 | 1.2555 | 0.2750 | 285.42 | 312.92 | 1.2228 |
| | \multicolumn{4}{c|}{$p = 1.4 \text{ bar} = 0.14 \text{ MPa}$} | \multicolumn{4}{c|}{$p = 1.8 \text{ bar} = 0.18 \text{ MPa}$} |
| | \multicolumn{4}{c|}{$(T_{\text{sat}} = -18.80^{\circ}\text{C})$} | \multicolumn{4}{c|}{$(T_{\text{sat}} = -12.73^{\circ}\text{C})$} |
| Sat. | 0.1390 | 217.78 | 237.24 | 0.9442 | 0.1085 | 221.36 | 240.89 | 0.9392 |
| -10 | 0.1448 | 223.88 | 244.15 | 0.9700 | 0.1099 | 223.32 | 243.10 | 0.9478 |
| 0 | 0.1513 | 230.93 | 252.11 | 1.0006 | 0.1152 | 230.33 | 251.07 | 0.9790 |
| 10 | 0.1576 | 238.08 | 260.14 | 1.0305 | 0.1203 | 237.39 | 259.04 | 1.0094 |
| 20 | 0.1638 | 245.41 | 268.34 | 1.0596 | 0.1252 | 244.66 | 267.20 | 1.0390 |
| 30 | 0.1699 | 252.90 | 276.68 | 1.0880 | 0.1301 | 252.10 | 275.52 | 1.0679 |
| 40 | 0.1759 | 260.55 | 285.18 | 1.1158 | 0.1348 | 259.69 | 283.95 | 1.0961 |
| 50 | 0.1818 | 268.36 | 293.81 | 1.1430 | 0.1395 | 267.46 | 292.57 | 1.1238 |
| 60 | 0.1877 | 276.35 | 302.62 | 1.1697 | 0.1441 | 275.40 | 301.34 | 1.1508 |
| 70 | 0.1935 | 284.48 | 311.57 | 1.1960 | 0.1487 | 283.51 | 310.28 | 1.1773 |
| 80 | 0.1993 | 292.77 | 320.67 | 1.2218 | 0.1533 | 291.78 | 319.37 | 1.2035 |
| | \multicolumn{4}{c|}{$p = 2.0 \text{ bar} = 0.20 \text{ MPa}$} | \multicolumn{4}{c|}{$p = 2.4 \text{ bar} = 0.24 \text{ MPa}$} |
| | \multicolumn{4}{c|}{$(T_{\text{sat}} = -10.09^{\circ}\text{C})$} | \multicolumn{4}{c|}{$(T_{\text{sat}} = -5.37^{\circ}\text{C})$} |
| Sat. | 0.0978 | 222.86 | 242.42 | 0.9372 | 0.0815 | 225.61 | 245.17 | 0.9338 |
| 0 | 0.1026 | 230.01 | 250.53 | 0.9678 | 0.0835 | 229.35 | 249.39 | 0.9493 |
| 10 | 0.1073 | 237.03 | 258.49 | 0.9986 | 0.0876 | 236.31 | 257.33 | 0.9806 |
| 20 | 0.1118 | 244.27 | 266.63 | 1.0285 | 0.0916 | 243.48 | 265.46 | 1.0110 |
| 30 | 0.1163 | 251.68 | 274.94 | 1.0577 | 0.0954 | 250.84 | 273.74 | 1.0407 |
| 40 | 0.1207 | 259.25 | 283.39 | 1.0862 | 0.0991 | 258.35 | 282.13 | 1.0696 |
| 50 | 0.1250 | 266.99 | 291.99 | 1.1141 | 0.1028 | 266.05 | 290.72 | 1.0979 |
| 60 | 0.1292 | 274.92 | 300.76 | 1.1415 | 0.1064 | 273.94 | 299.48 | 1.1256 |
| 70 | 0.1334 | 283.02 | 309.70 | 1.1683 | 0.1100 | 282.02 | 308.42 | 1.1527 |
| 80 | 0.1376 | 291.27 | 318.79 | 1.1947 | 0.1135 | 290.26 | 317.50 | 1.1794 |
| 90 | 0.1417 | 299.69 | 328.03 | 1.2206 | 0.1170 | 298.66 | 326.74 | 1.2056 |

<a name="tabla-12-b"></a>
$$
\text{Tabla 12-b}
$$
$$
\text{Refrigerante 134a}
$$
$$
\text{sobrecalentado (2)}
$$

| $T$ | $v$ | $u$ | $h$ | $s$ | $v$ | $u$ | $h$ | $s$ |
| :--- | :--- | :--- | :--- | :--- | :--- | :--- | :--- | :--- |
| $$^{\circ}\text{C}$$ | $$\text{m}^3/\text{kg}$$ | $$\text{kJ}/\text{kg}$$ | $$\text{kJ}/\text{kg}$$ | $$\text{kJ}/\text{kg}\cdot\text{K}$$ | $$\text{m}^3/\text{kg}$$ | $$\text{kJ}/\text{kg}$$ | $$\text{kJ}/\text{kg}$$ | $$\text{kJ}/\text{kg}\cdot\text{K}$$ |
| | \multicolumn{4}{c|}{$p = 2.8 \text{ bar} = 0.28 \text{ MPa}$} | \multicolumn{4}{c|}{$p = 3.2 \text{ bar} = 0.32 \text{ MPa}$} |
| | \multicolumn{4}{c|}{$(T_{\text{sat}} = -1.23^{\circ}\text{C})$} | \multicolumn{4}{c|}{$(T_{\text{sat}} = 2.48^{\circ}\text{C})$} |
| Sat. | 0.0697 | 228.05 | 247.57 | 0.9312 | 0.0608 | 230.24 | 249.70 | 0.9291 |
| 10 | 0.0734 | 235.53 | 256.08 | 0.9614 | 0.0632 | 234.69 | 254.91 | 0.9474 |
| 20 | 0.0768 | 242.63 | 264.13 | 0.9907 | 0.0663 | 241.74 | 262.96 | 0.9754 |
| 30 | 0.0801 | 249.96 | 272.39 | 1.0191 | 0.0693 | 249.03 | 271.21 | 1.0044 |
| 40 | 0.0833 | 257.41 | 280.73 | 1.0468 | 0.0722 | 256.43 | 279.53 | 1.0326 |
| 50 | 0.0865 | 265.07 | 289.29 | 1.0740 | 0.0750 | 264.05 | 288.05 | 1.0601 |
| 60 | 0.0896 | 272.93 | 298.02 | 1.1006 | 0.0778 | 271.88 | 296.78 | 1.0871 |
| 70 | 0.0927 | 280.98 | 306.94 | 1.1268 | 0.0805 | 279.90 | 305.66 | 1.1136 |
| 80 | 0.0957 | 289.21 | 316.01 | 1.1527 | 0.0832 | 288.11 | 314.73 | 1.1396 |
| 90 | 0.0987 | 297.63 | 325.27 | 1.1782 | 0.0858 | 296.50 | 323.96 | 1.1652 |
| | \multicolumn{4}{c|}{$p = 4.0 \text{ bar} = 0.40 \text{ MPa}$} | \multicolumn{4}{c|}{$p = 5.0 \text{ bar} = 0.50 \text{ MPa}$} |
| | \multicolumn{4}{c|}{$(T_{\text{sat}} = 8.91^{\circ}\text{C})$} | \multicolumn{4}{c|}{$(T_{\text{sat}} = 15.71^{\circ}\text{C})$} |
| Sat. | 0.0483 | 234.05 | 253.37 | 0.9260 | 0.0384 | 238.16 | 257.36 | 0.9234 |
| 10 | 0.0485 | 232.88 | 252.28 | 0.9222 | - | - | - | - |
| 20 | 0.0510 | 239.81 | 260.21 | 0.9498 | 0.0396 | 237.15 | 256.95 | 0.9216 |
| 30 | 0.0534 | 247.05 | 268.41 | 0.9796 | 0.0416 | 244.41 | 265.21 | 0.9525 |
| 40 | 0.0558 | 254.37 | 276.69 | 1.0084 | 0.0436 | 251.72 | 273.52 | 0.9822 |
| 50 | 0.0581 | 261.94 | 285.18 | 1.0364 | 0.0456 | 259.26 | 282.06 | 1.0110 |
| 60 | 0.0604 | 269.71 | 293.87 | 1.0638 | 0.0475 | 267.01 | 290.76 | 1.0390 |
| 70 | 0.0626 | 277.67 | 302.71 | 1.0906 | 0.0494 | 274.96 | 299.66 | 1.0664 |
| 80 | 0.0648 | 285.84 | 311.76 | 1.1169 | 0.0512 | 283.10 | 308.70 | 1.0931 |
| 90 | 0.0669 | 294.20 | 320.96 | 1.1428 | 0.0529 | 291.43 | 317.88 | 1.1194 |
| 100 | 0.0691 | 302.77 | 330.41 | 1.1684 | 0.0547 | 299.98 | 327.33 | 1.1453 |
| | \multicolumn{4}{c|}{$p = 6.0 \text{ bar} = 0.60 \text{ MPa}$} | \multicolumn{4}{c|}{$p = 7.0 \text{ bar} = 0.70 \text{ MPa}$} |
| | \multicolumn{4}{c|}{$(T_{\text{sat}} = 21.55^{\circ}\text{C})$} | \multicolumn{4}{c|}{$(T_{\text{sat}} = 26.69^{\circ}\text{C})$} |
| Sat. | 0.0315 | 241.69 | 260.59 | 0.9216 | 0.0267 | 244.82 | 263.51 | 0.9204 |
| 30 | 0.0335 | 241.56 | 261.66 | 0.9288 | 0.0275 | 238.46 | 257.71 | 0.9056 |
| 40 | 0.0354 | 248.91 | 270.15 | 0.9596 | 0.0293 | 245.92 | 266.43 | 0.9380 |
| 50 | 0.0371 | 256.46 | 278.72 | 0.9892 | 0.0309 | 253.51 | 275.14 | 0.9686 |
| 60 | 0.0388 | 264.21 | 287.49 | 1.0179 | 0.0325 | 261.27 | 284.02 | 0.9983 |
| 70 | 0.0405 | 272.15 | 296.45 | 1.0458 | 0.0340 | 269.21 | 293.01 | 1.0268 |
| 80 | 0.0421 | 280.25 | 305.51 | 1.0731 | 0.0355 | 277.29 | 302.14 | 1.0546 |
| 90 | 0.0437 | 288.54 | 314.76 | 1.0998 | 0.0369 | 285.54 | 311.37 | 1.0818 |
| 100 | 0.0452 | 297.02 | 324.14 | 1.1260 | 0.0383 | 293.97 | 320.78 | 1.1085 |
| 110 | 0.0467 | 305.69 | 333.71 | 1.1519 | 0.0396 | 302.57 | 330.29 | 1.1348 |
| 120 | 0.0482 | 314.56 | 343.48 | 1.1774 | 0.0410 | 311.37 | 340.07 | 1.1606 |

<a name="tabla-12-c"></a>
$$
\text{Tabla 12-c}
$$
$$
\text{Refrigerante 134a}
$$
$$
\text{sobrecalentado (3)}
$$

| $T$ | $v$ | $u$ | $h$ | $s$ | $v$ | $u$ | $h$ | $s$ |
| :--- | :--- | :--- | :--- | :--- | :--- | :--- | :--- | :--- |
| $$^{\circ}\text{C}$$ | $$\text{m}^3/\text{kg}$$ | $$\text{kJ}/\text{kg}$$ | $$\text{kJ}/\text{kg}$$ | $$\text{kJ}/\text{kg}\cdot\text{K}$$ | $$\text{m}^3/\text{kg}$$ | $$\text{kJ}/\text{kg}$$ | $$\text{kJ}/\text{kg}$$ | $$\text{kJ}/\text{kg}\cdot\text{K}$$ |
| | \multicolumn{4}{c|}{$p = 8.0 \text{ bar} = 0.80 \text{ MPa}$} | \multicolumn{4}{c|}{$p = 9.0 \text{ bar} = 0.90 \text{ MPa}$} |
| | \multicolumn{4}{c|}{$(T_{\text{sat}} = 31.33^{\circ}\text{C})$} | \multicolumn{4}{c|}{$(T_{\text{sat}} = 35.53^{\circ}\text{C})$} |
| Sat. | 0.0231 | 247.66 | 266.14 | 0.9195 | 0.0203 | 250.27 | 268.54 | 0.9189 |
| 40 | 0.0249 | 242.74 | 262.66 | 0.9177 | 0.0212 | 239.37 | 258.45 | 0.8972 |
| 50 | 0.0264 | 250.41 | 271.53 | 0.9496 | 0.0227 | 247.16 | 267.59 | 0.9309 |
| 60 | 0.0279 | 258.21 | 280.53 | 0.9800 | 0.0241 | 255.05 | 276.74 | 0.9623 |
| 70 | 0.0293 | 266.15 | 289.59 | 1.0093 | 0.0254 | 262.98 | 285.84 | 0.9922 |
| 80 | 0.0306 | 274.23 | 298.71 | 1.0376 | 0.0266 | 271.07 | 295.01 | 1.0211 |
| 90 | 0.0319 | 282.46 | 307.98 | 1.0653 | 0.0279 | 279.30 | 304.41 | 1.0492 |
| 100 | 0.0331 | 290.84 | 317.32 | 1.0924 | 0.0290 | 287.64 | 313.74 | 1.0766 |
| 110 | 0.0343 | 299.38 | 326.82 | 1.1190 | 0.0301 | 296.12 | 323.21 | 1.1035 |
| 120 | 0.0355 | 308.08 | 336.48 | 1.1451 | 0.0312 | 304.75 | 332.83 | 1.1299 |
| 130 | 0.0367 | 316.94 | 346.30 | 1.1708 | 0.0323 | 313.56 | 342.63 | 1.1558 |
| | \multicolumn{4}{c|}{$p = 10.0 \text{ bar} = 1.00 \text{ MPa}$} | \multicolumn{4}{c|}{$p = 12.0 \text{ bar} = 1.20 \text{ MPa}$} |
| | \multicolumn{4}{c|}{$(T_{\text{sat}} = 39.39^{\circ}\text{C})$} | \multicolumn{4}{c|}{$(T_{\text{sat}} = 46.32^{\circ}\text{C})$} |
| Sat. | 0.0180 | 252.70 | 270.70 | 0.9185 | 0.0145 | 257.17 | 274.57 | 0.9178 |
| 40 | 0.0181 | 235.79 | 253.89 | 0.8753 | - | - | - | - |
| 50 | 0.0197 | 243.76 | 263.46 | 0.9123 | 0.0152 | 236.43 | 254.67 | 0.8732 |
| 60 | 0.0211 | 251.78 | 272.88 | 0.9450 | 0.0165 | 244.89 | 264.69 | 0.9099 |
| 70 | 0.0224 | 259.70 | 282.10 | 0.9757 | 0.0177 | 252.88 | 274.12 | 0.9431 |
| 80 | 0.0236 | 267.82 | 291.42 | 1.0054 | 0.0188 | 261.07 | 283.63 | 0.9744 |
| 90 | 0.0248 | 276.05 | 300.85 | 1.0341 | 0.0199 | 269.31 | 293.19 | 1.0044 |
| 100 | 0.0259 | 284.37 | 310.27 | 1.0620 | 0.0209 | 277.62 | 302.70 | 1.0333 |
| 110 | 0.0270 | 292.81 | 319.81 | 1.0894 | 0.0219 | 286.02 | 312.30 | 1.0615 |
| 120 | 0.0280 | 301.38 | 329.38 | 1.1162 | 0.0228 | 294.55 | 321.91 | 1.0890 |
| 130 | 0.0290 | 310.12 | 339.12 | 1.1425 | 0.0238 | 303.22 | 331.78 | 1.1158 |
| | \multicolumn{4}{c|}{$p = 14.0 \text{ bar} = 1.40 \text{ MPa}$} | \multicolumn{4}{c|}{$p = 16.0 \text{ bar} = 1.60 \text{ MPa}$} |
| | \multicolumn{4}{c|}{$(T_{\text{sat}} = 52.43^{\circ}\text{C})$} | \multicolumn{4}{c|}{$(T_{\text{sat}} = 57.92^{\circ}\text{C})$} |
| Sat. | 0.0120 | 261.22 | 278.02 | 0.9172 | 0.0101 | 264.91 | 281.07 | 0.9164 |
| 60 | 0.0131 | 237.37 | 255.71 | 0.8727 | 0.0104 | 228.94 | 245.58 | 0.8298 |
| 70 | 0.0142 | 245.58 | 265.46 | 0.9090 | 0.0116 | 237.66 | 256.22 | 0.8720 |
| 80 | 0.0152 | 253.97 | 275.25 | 0.9422 | 0.0125 | 246.40 | 266.40 | 0.9084 |
| 90 | 0.0162 | 262.33 | 285.01 | 0.9735 | 0.0134 | 255.04 | 276.48 | 0.9419 |
| 100 | 0.0171 | 270.72 | 294.66 | 1.0033 | 0.0142 | 263.60 | 286.32 | 0.9733 |
| 110 | 0.0180 | 279.16 | 304.36 | 1.0322 | 0.0150 | 272.16 | 296.16 | 1.0031 |
| 120 | 0.0189 | 287.69 | 314.15 | 1.0603 | 0.0158 | 280.74 | 306.02 | 1.0319 |
| 130 | 0.0197 | 296.35 | 323.93 | 1.0877 | 0.0165 | 289.41 | 315.81 | 1.0598 |
| 140 | 0.0205 | 305.13 | 333.83 | 1.1146 | 0.0172 | 298.17 | 325.69 | 1.0871 |
| 150 | 0.0213 | 314.04 | 343.86 | 1.1410 | 0.0179 | 307.03 | 335.67 | 1.1139 |

## Otras Propiedades

<a name="tabla-13"></a>
$$
\text{Tabla 13}
$$
$$
\text{Propiedades}
$$

| Sustancia | Calor específico, $c_p$ | Densidad, $\rho$ | Conductividad térmica, $k$ |
| :--- | :--- | :--- | :--- |
| | $(\text{kJ}/\text{kg}\cdot\text{K})$ | $(\text{kg}/\text{m}^3)$ | $(\text{W}/\text{m}\cdot\text{K})$ |
| \multicolumn{4}{c}{\textbf{Sólidos seleccionados, 300 K}} |
| Acero (AISI 302) | 0.480 | 8060 | 15.1 |
| Aluminio | 0.903 | 2700 | 237 |
| Arena | 0.800 | 1520 | 0.27 |
| Carbón, antracita | 1.260 | 1350 | 0.26 |
| Cobre | 0.385 | 8930 | 401 |
| Estaño | 0.227 | 7310 | 66.6 |
| Granito | 0.775 | 2630 | 2.79 |
| Hierro | 0.447 | 7870 | 80.2 |
| Plata | 0.235 | 10500 | 429 |
| Plomo | 0.129 | 11300 | 35.3 |
| Suelo | 1.840 | 2050 | 0.52 |
| \multicolumn{4}{c}{\textbf{Materiales de construcción, 300 K}} |
| Aglomerado | 1.170 | 640 | 0.094 |
| Caliza | 0.810 | 2320 | 2.15 |
| Hormigón (mezcla con grava) | 0.880 | 2300 | 1.4 |
| Ladrillo, común | 0.835 | 1920 | 0.72 |
| Madera contrachapada | 1.220 | 545 | 0.12 |
| Maderas blandas (abeto, pino) | 1.380 | 510 | 0.12 |
| Vidrio, hoja | 0.750 | 2500 | 1.4 |
| \multicolumn{4}{c}{\textbf{Materiales aislantes, 300 K}} |
| Aislante tubular (fibra de vidrio) | 0.835 | 32 | 0.038 |
| Corcho | 1.800 | 120 | 0.039 |
| Manta (fibra de vidrio) | - | 16 | 0.046 |
| Poliestireno (extruido) | 1.210 | 55 | 0.027 |
| Relleno de vermiculita (perlas) | 0.835 | 80 | 0.068 |
| \multicolumn{4}{c}{\textbf{Líquidos saturados}} |
| Aceite de motor sin usar, 300 K | 1.909 | 884.1 | 0.145 |
| Agua, 275 K | 4.211 | 999.9 | 0.574 |
| Agua, 300 K | 4.179 | 996.5 | 0.613 |
| Agua, 325 K | 4.182 | 987.1 | 0.645 |
| Agua, 350 K | 4.195 | 973.5 | 0.668 |
| Agua, 375 K | 4.220 | 956.8 | 0.681 |
| Agua, 400 K | 4.256 | 937.4 | 0.688 |
| Amoníaco, 300 K | 4.818 | 599.8 | 0.465 |
| Mercurio, 300 K | 0.139 | 13529 | 8.540 |
| Refrigerante 134a, 300 K | 1.434 | 1199.7 | 0.081 |
| Refrigerante 22, 300 K | 1.267 | 1183.1 | 0.085 |

<a name="tabla-18"></a>
$$
\text{Tabla 18}
$$
$$
\text{Entalpía}
$$

| Sustancia | Fórmula | Masa molar, $M$ | Entalpía de form., $\bar{h}_f^{\circ}$ | Función Gibbs, $\bar{g}_f^{\circ}$ | Entropía abs., $\bar{s}^{\circ}$ | P. calorífico Sup. | P. calorífico Inf. |
| :--- | :--- | :--- | :--- | :--- | :--- | :--- | :--- |
| | | $(\text{kg}/\text{kmol})$ | $(\text{kJ}/\text{kmol})$ | $(\text{kJ}/\text{kmol})$ | $(\text{kJ}/\text{kmol}\cdot\text{K})$ | $(\text{kJ}/\text{kg})$ | $(\text{kJ}/\text{kg})$ |
| Carbono | $\text{C(s)}$ | 12.01 | 0 | 0 | 5.74 | 32770 | 32770 |
| Hidrógeno | $\text{H}_2\text{(g)}$ | 2.016 | 0 | 0 | 130.57 | 141780 | 119950 |
| Nitrógeno | $\text{N}_2\text{(g)}$ | 28.01 | 0 | 0 | 191.50 | - | - |
| Oxígeno | $\text{O}_2\text{(g)}$ | 32.00 | 0 | 0 | 205.03 | - | - |
| Monóxido de carbono | $\text{CO(g)}$ | 28.01 | -110530 | -137150 | 197.54 | - | - |
| Dióxido de carbono | $\text{CO}_2\text{(g)}$ | 44.01 | -393520 | -394380 | 213.69 | - | - |
| Agua | $\text{H}_2\text{O(g)}$ | 18.02 | -241820 | -228590 | 188.72 | - | - |
| Agua | $\text{H}_2\text{O(l)}$ | 18.02 | -285830 | -237180 | 69.95 | - | - |
| Peróxido de hidrógeno | $\text{H}_2\text{O}_2\text{(g)}$ | 34.02 | -136310 | -105600 | 232.63 | - | - |
| Amoníaco | $\text{NH}_3\text{(g)}$ | 17.03 | -46190 | -16590 | 192.33 | - | - |
| Oxígeno | $\text{O(g)}$ | 16.00 | 249170 | 231770 | 160.95 | - | - |
| Hidrógeno | $\text{H(g)}$ | 1.008 | 218000 | 203290 | 114.61 | - | - |
| Nitrógeno | $\text{N(g)}$ | 14.01 | 472680 | 455510 | 153.19 | - | - |
| Grupo oxhidrilo | $\text{OH(g)}$ | 17.01 | 39460 | 34280 | 183.75 | - | - |
| Metano | $\text{CH}_4\text{(g)}$ | 16.04 | -74850 | -50790 | 186.16 | 55510 | 50020 |
| Acetileno | $\text{C}_2\text{H}_2\text{(g)}$ | 26.04 | 226730 | 209170 | 200.85 | 49910 | 48220 |
| Etileno | $\text{C}_2\text{H}_2\text{(g)}$ | 28.05 | 52280 | 68120 | 219.83 | 50300 | 47160 |
| Etano | $\text{C}_2\text{H}_6\text{(g)}$ | 30.07 | -84680 | -32890 | 229.49 | 51870 | 47480 |
| Propileno | $\text{C}_3\text{H}_6\text{(g)}$ | 42.08 | 20410 | 62720 | 266.94 | 48920 | 45780 |
| Propano | $\text{C}_3\text{H}_8\text{(g)}$ | 44.09 | -103850 | -23490 | 269.91 | 50350 | 46360 |
| Butano | $\text{C}_4\text{H}_{10}\text{(g)}$ | 58.12 | -126150 | -15710 | 310.03 | 49500 | 45720 |
| Pentano | $\text{C}_5\text{H}_{12}\text{(g)}$ | 72.15 | -146440 | -8200 | 348.40 | 49010 | 45350 |
| Octano | $\text{C}_8\text{H}_{18}\text{(g)}$ | 114.22 | -208450 | 17320 | 463.67 | 48260 | 44790 |
| Octano | $\text{C}_8\text{H}_{18}\text{(l)}$ | 114.22 | -249910 | 6610 | 360.79 | 47900 | 44430 |
| Benceno | $\text{C}_6\text{H}_6\text{(g)}$ | 78.11 | 82930 | 129660 | 269.20 | 42270 | 40580 |
| Metanol | $\text{CH}_3\text{OH(g)}$ | 32.04 | -200890 | -162140 | 239.70 | 23850 | 21110 |
| Metanol | $\text{CH}_3\text{OH(l)}$ | 32.04 | -238810 | -166290 | 126.80 | 22670 | 19920 |
| Etanol | $\text{C}_2\text{H}_5\text{OH(g)}$ | 46.07 | -235310 | -168570 | 282.59 | 30590 | 27720 |
| Etanol | $\text{C}_2\text{H}_5\text{OH(l)}$ | 46.07 | -277690 | 174890 | 160.70 | 29670 | 26800 |

# Graficos
## Agua
Gráfico 1.
Diagrama
Temperatura
vs
Entropía.

Gráfico 2.
Diagrama
Entalpía
vs
Entropía.

## ASHRAE
Gráfico 3.
Diagrama
Psicrométrico.

## R-22
Gráfico 4.
Diagrama
Presión
vs
Entalpía.
